*X,dH_J_mol,dS_J_mol_K
0.0038700,-69854.67,88.50000
0.0048192,-64185.10,87.95244
0.0057684,-61023.55,87.40488
0.0067176,-57490.97,86.85732
0.0076668,-51970.60,86.30976
0.0086160,-48145.27,85.76220
0.0095652,-46329.52,85.21464
0.0105144,-44639.63,84.66708
0.0114636,-42795.75,84.11952
0.0124128,-41053.78,83.57195
0.0133620,-39204.18,83.02439
0.0143112,-37173.32,82.48062
0.0152604,-35067.43,81.94159
0.0162096,-34103.53,81.40255
0.0171588,-33139.60,80.86352
0.0181080,-32175.02,80.32448
0.0190572,-31210.43,79.78545
0.0200064,-30176.25,79.24641
0.0209557,-28928.36,78.70738
0.0219049,-28028.58,78.16834
0.0228541,-27391.99,77.62931
0.0238033,-26755.41,77.09027
0.0247525,-26119.47,76.55797
0.0257017,-25492.84,76.02651
0.0266509,-24866.21,75.49506
0.0276001,-24239.58,74.96360
0.0285493,-23468.01,74.43215
0.0294985,-22657.76,73.90069
0.0304477,-21923.27,73.36924
0.0313969,-21267.61,72.83778
0.0323461,-20611.95,72.30632
0.0332953,-20132.88,71.77487
0.0342445,-19731.15,71.24215
0.0351937,-19330.17,70.70691
0.0361429,-18929.20,70.17166
0.0370921,-18500.83,69.63642
0.0380413,-18067.77,69.10117
0.0389905,-17745.90,68.56593
0.0399397,-17424.03,68.03068
0.0408889,-17090.80,67.49544
0.0418381,-16747.05,66.96019
0.0427873,-16403.31,66.42495
0.0437365,-16059.56,65.88970
0.0446857,-15713.19,65.36328
0.0456349,-15366.05,64.83940
0.0465841,-15082.33,64.31553
0.0475333,-14822.28,63.79165
0.0484825,-14562.23,63.26777
0.0494317,-14302.18,62.74390
0.0503809,-14042.13,62.22002
0.0513301,-13782.08,61.69614
0.0522793,-13633.45,61.17226
0.0532286,-13625.19,60.64839
0.0541778,-13617.61,60.12221
0.0551270,-13612.45,59.58791
0.0560762,-13607.29,59.05362
0.0570254,-13602.13,58.51932
0.0579746,-13596.98,57.98502
0.0589238,-13591.82,57.45072
0.0598730,-13586.66,56.91642
0.0608222,-13581.50,56.38213
0.0617714,-13576.35,55.84783
0.0627206,-13607.69,55.31353
0.0636698,-13738.73,54.77923
0.0646190,-13869.78,54.24494
0.0655682,-14000.83,53.71064
0.0665174,-14131.88,53.17634
0.0674666,-14262.93,52.64204
0.0684158,-14393.98,52.10774
0.0693650,-14525.03,51.57345
0.0703142,-14656.08,51.03915
0.0712634,-14787.13,50.50485
0.0722126,-14918.18,49.97055
0.0731618,-15049.23,49.43625
0.0741110,-15180.92,48.89980
0.0750602,-15317.90,48.34560
0.0760094,-15454.88,47.79141
0.0769586,-15591.86,47.23722
0.0779078,-15745.85,46.68303
0.0788570,-15901.66,46.12884
0.0798062,-16057.47,45.57464
0.0807554,-16213.29,45.02045
0.0817046,-16369.10,44.46626
0.0826538,-16524.91,43.91207
0.0836030,-16680.73,43.35788
0.0845522,-16831.08,42.82201
0.0855015,-16977.00,42.30098
0.0864507,-17122.93,41.77994
0.0873999,-17268.86,41.25890
0.0883491,-17414.78,40.73787
0.0892983,-17560.71,40.21683
0.0902475,-17706.64,39.69580
0.0911967,-17852.57,39.17476
0.0921459,-17993.11,38.65373
0.0930951,-18129.04,38.13269
0.0940443,-18264.96,37.61166
0.0949935,-18357.53,37.23605
0.0959427,-18449.95,36.86090
0.0968919,-18542.38,36.48576
0.0978411,-18634.81,36.11061
0.0987903,-18727.24,35.73547
0.0997395,-18819.66,35.36032
0.1006887,-18912.09,34.98518
0.1016379,-19004.52,34.61003
0.1025871,-19096.94,34.23489
0.1035363,-19189.37,33.85974
0.1044855,-19253.65,33.57899
0.1054347,-19282.25,33.41795
0.1063839,-19309.52,33.25690
0.1073331,-19330.46,33.09585
0.1082823,-19351.39,32.93480
0.1092315,-19372.33,32.77376
0.1101807,-19393.27,32.61271
0.1111299,-19414.21,32.45166
0.1120791,-19435.15,32.29062
0.1130283,-19456.09,32.12957
0.1139775,-19477.03,31.96852
0.1149267,-19472.72,31.89215
0.1158759,-19465.13,31.82678
0.1168251,-19457.54,31.76142
0.1177744,-19449.96,31.69605
0.1187236,-19442.37,31.63069
0.1196728,-19434.78,31.56532
0.1206220,-19427.19,31.49995
0.1215712,-19375.39,31.43459
0.1225204,-19313.06,31.36922
0.1234696,-19250.73,31.30385
0.1244188,-19188.40,31.23849
0.1253680,-19126.08,31.17312
0.1263172,-19063.75,31.10776
0.1272664,-19001.42,31.04239
0.1282156,-18939.10,30.97702
0.1291648,-18876.77,30.91166
0.1301140,-18814.44,30.84629
0.1310632,-18752.11,30.78093
0.1320124,-18689.79,30.71556
0.1329616,-18627.46,30.65019
0.1339108,-18565.13,30.58483
0.1348600,-18504.33,30.51433
0.1358092,-18435.49,30.44234
0.1367584,-18355.96,30.37034
0.1377076,-18276.43,30.29834
0.1386568,-18196.90,30.22634
0.1396060,-18117.37,30.15434
0.1405552,-18037.84,30.08235
0.1415044,-17958.31,30.01035
0.1424536,-17878.78,29.93835
0.1434028,-17830.65,29.86635
0.1443520,-17791.66,29.79477
0.1453012,-17752.22,29.72467
0.1462504,-17712.78,29.65456
0.1471996,-17673.34,29.58446
0.1481488,-17633.91,29.51436
0.1490980,-17594.47,29.44425
0.1500473,-17553.27,29.37415
0.1509965,-17491.22,29.30405
0.1519457,-17429.17,29.23395
0.1528949,-17367.12,29.16384
0.1538441,-17305.06,29.09374
0.1547933,-17242.64,29.02489
0.1557425,-17180.02,28.95668
0.1566917,-17117.40,28.88847
0.1576409,-17057.80,28.82026
0.1585901,-16998.40,28.75206
0.1595393,-16939.00,28.68385
0.1604885,-16879.60,28.61564
0.1614377,-16820.20,28.54743
0.1623869,-16760.80,28.47922
0.1633361,-16701.40,28.41102
0.1642853,-16642.05,28.34261
0.1652345,-16596.00,28.27250
0.1661837,-16555.10,28.20240
0.1671329,-16514.19,28.13230
0.1680821,-16473.29,28.06219
0.1690313,-16432.39,27.99209
0.1699805,-16391.49,27.92199
0.1709297,-16350.59,27.85188
0.1718789,-16309.68,27.78178
0.1728281,-16268.78,27.71167
0.1737773,-16227.88,27.64157
0.1747265,-16187.29,27.57043
0.1756757,-16146.95,27.49843
0.1766249,-16106.62,27.42643
0.1775741,-16066.28,27.35443
0.1785233,-16025.94,27.28244
0.1794725,-15988.67,27.21044
0.1804217,-15957.16,27.13844
0.1813709,-15925.66,27.06644
0.1823202,-15894.15,26.99445
0.1832694,-15862.64,26.92245
0.1842186,-15831.13,26.85045
0.1851678,-15799.06,26.78034
0.1861170,-15766.99,26.71023
0.1870662,-15734.92,26.64013
0.1880154,-15702.84,26.57003
0.1889646,-15670.77,26.49992
0.1899138,-15638.70,26.42982
0.1908630,-15606.63,26.35972
0.1918122,-15574.55,26.28962
0.1927614,-15542.48,26.21951
0.1937106,-15510.41,26.14941
0.1946598,-15485.11,26.08180
0.1956090,-15458.99,26.01738
0.1965582,-15432.87,25.95296
0.1975074,-15406.75,25.88854
0.1984566,-15380.63,25.82412
0.1994058,-15354.51,25.75970
0.2003550,-15328.39,25.69528
0.2013042,-15302.27,25.63086
0.2022534,-15276.15,25.56644
0.2032026,-15250.03,25.50203
0.2041518,-15223.91,25.43761
0.2051010,-15197.30,25.37486
0.2060502,-15170.61,25.31233
0.2069994,-15143.93,25.24981
0.2079486,-15117.25,25.18729
0.2088978,-15103.29,25.12476
0.2098470,-15097.21,25.06224
0.2107962,-15091.14,24.99971
0.2117454,-15085.06,24.93719
0.2126946,-15078.99,24.87466
0.2136438,-15072.91,24.81214
0.2145931,-15067.12,24.74869
0.2155423,-15061.89,24.68332
0.2164915,-15056.66,24.61796
0.2174407,-15051.43,24.55259
0.2183899,-15046.21,24.48722
0.2193391,-15040.98,24.42186
0.2202883,-15035.75,24.35649
0.2212375,-15030.52,24.29113
0.2221867,-15025.30,24.22576
0.2231359,-15021.11,24.16039
0.2240851,-15019.99,24.09503
0.2250343,-15019.75,24.02674
0.2259835,-15019.76,23.95759
0.2269327,-15019.78,23.88843
0.2278819,-15019.80,23.81928
0.2288311,-15019.81,23.75012
0.2297803,-15019.83,23.68097
0.2307295,-15019.84,23.61181
0.2316787,-15019.86,23.54265
0.2326279,-15019.87,23.47350
0.2335771,-15019.89,23.40434
0.2345263,-15019.97,23.33498
0.2354755,-15020.26,23.26488
0.2364247,-15020.56,23.19478
0.2373739,-15020.86,23.12468
0.2383231,-15027.95,23.05457
0.2392723,-15035.90,22.98447
0.2402215,-15043.86,22.91437
0.2411707,-15051.81,22.84426
0.2421199,-15059.76,22.77416
0.2430691,-15067.71,22.70406
0.2440183,-15075.67,22.63396
0.2449675,-15083.62,22.56385
0.2459167,-15091.57,22.49375
0.2468660,-15099.53,22.42365
0.2478152,-15107.48,22.35354
0.2487644,-15115.43,22.28344
0.2497136,-15123.38,22.21334
0.2506628,-15131.34,22.14323
0.2516120,-15139.29,22.07313
0.2525612,-15147.55,22.00303
0.2535104,-15156.08,21.93293
0.2544596,-15164.68,21.86263
0.2554088,-15173.78,21.79063
0.2563580,-15182.88,21.71863
0.2573072,-15191.98,21.64664
0.2582564,-15201.09,21.57464
0.2592056,-15210.19,21.50264
0.2601548,-15219.29,21.43064
0.2611040,-15228.39,21.35865
0.2620532,-15237.49,21.28665
0.2630024,-15246.59,21.21465
0.2639516,-15255.70,21.14265
0.2649008,-15265.11,21.06962
0.2658500,-15274.77,20.99573
0.2667992,-15285.37,20.92184
0.2677484,-15300.92,20.84794
0.2686976,-15316.48,20.77405
0.2696468,-15332.04,20.70016
0.2705960,-15347.59,20.62627
0.2715452,-15363.15,20.55237
0.2724944,-15378.71,20.47848
0.2734436,-15394.26,20.40459
0.2743928,-15409.82,20.33070
0.2753420,-15425.66,20.25587
0.2762912,-15441.50,20.18103
0.2772404,-15457.33,20.10619
0.2781896,-15473.17,20.03135
0.2791389,-15489.01,19.95651
0.2800881,-15504.85,19.88167
0.2810373,-15520.69,19.80683
0.2819865,-15539.33,19.73199
0.2829357,-15558.71,19.65715
0.2838849,-15578.08,19.58231
0.2848341,-15596.35,19.51118
0.2857833,-15613.18,19.44486
0.2867325,-15630.02,19.37855
0.2876817,-15646.85,19.31224
0.2886309,-15663.68,19.24592
0.2895801,-15680.51,19.17961
0.2905293,-15697.35,19.11330
0.2914785,-15714.18,19.04698
0.2924277,-15731.01,18.98067
0.2933769,-15747.84,18.91435
0.2943261,-15764.68,18.84804
0.2952753,-15777.04,18.79671
0.2962245,-15789.04,18.74745
0.2971737,-15801.37,18.69819
0.2981229,-15813.70,18.64893
0.2990721,-15826.04,18.59967
0.3000213,-15838.37,18.55040
0.3009705,-15850.70,18.50114
0.3019197,-15863.03,18.45188
0.3028689,-15875.37,18.40262
0.3038181,-15887.70,18.35336
0.3047673,-15897.84,18.31144
0.3057165,-15903.40,18.28491
0.3066657,-15908.95,18.25839
0.3076149,-15914.50,18.23186
0.3085641,-15920.06,18.20534
0.3095133,-15925.61,18.17881
0.3104625,-15931.06,18.15228
0.3114118,-15934.84,18.12576
0.3123610,-15938.62,18.09923
0.3133102,-15942.40,18.07271
0.3142594,-15946.19,18.04618
0.3152086,-15948.45,18.02474
0.3161578,-15950.26,18.00485
0.3171070,-15952.07,17.98495
0.3180562,-15953.87,17.96506
0.3190054,-15955.68,17.94517
0.3199546,-15957.48,17.92527
0.3209038,-15959.29,17.90538
0.3218530,-15961.09,17.88548
0.3228022,-15962.90,17.86559
0.3237514,-15964.71,17.84570
0.3247006,-15966.63,17.82540
0.3256498,-15971.88,17.80361
0.3265990,-15978.37,17.78182
0.3275482,-15984.87,17.76004
0.3284974,-15991.37,17.73825
0.3294466,-15997.86,17.71646
0.3303958,-16004.36,17.69467
0.3313450,-16010.86,17.67288
0.3322942,-16017.35,17.65109
0.3332434,-16023.85,17.62930
0.3341926,-16030.34,17.60751
0.3351418,-16037.03,17.58511
0.3360910,-16043.80,17.56237
0.3370402,-16050.58,17.53963
0.3379894,-16057.36,17.51690
0.3389386,-16064.14,17.49416
0.3398878,-16070.92,17.47143
0.3408370,-16077.70,17.44869
0.3417862,-16084.48,17.42595
0.3427354,-16091.26,17.40322
0.3436846,-16098.03,17.38048
0.3446339,-16104.76,17.35793
0.3455831,-16110.97,17.33709
0.3465323,-16117.18,17.31625
0.3474815,-16123.40,17.29541
0.3484307,-16129.61,17.27457
0.3493799,-16135.83,17.25373
0.3503291,-16142.04,17.23288
0.3512783,-16148.25,17.21204
0.3522275,-16154.47,17.19120
0.3531767,-16160.68,17.17036
0.3541259,-16166.90,17.14952
0.3550751,-16162.04,17.12765
0.3560243,-16157.05,17.10491
0.3569735,-16152.06,17.08218
0.3579227,-16147.07,17.05944
0.3588719,-16142.08,17.03670
0.3598211,-16137.09,17.01397
0.3607703,-16132.10,16.99123
0.3617195,-16127.11,16.96850
0.3626687,-16122.12,16.94576
0.3636179,-16117.14,16.92302
0.3645671,-16112.15,16.90029
0.3655163,-16107.44,16.87662
0.3664655,-16102.73,16.85293
0.3674147,-16098.02,16.82925
0.3683639,-16093.32,16.80557
0.3693131,-16094.98,16.78188
0.3702623,-16100.86,16.75820
0.3712115,-16106.74,16.73452
0.3721607,-16112.62,16.71083
0.3731099,-16118.50,16.68715
0.3740591,-16124.39,16.66346
0.3750083,-16130.39,16.63937
0.3759575,-16136.55,16.61474
0.3769068,-16142.71,16.59011
0.3778560,-16148.88,16.56548
0.3788052,-16155.04,16.54085
0.3797544,-16161.20,16.51622
0.3807036,-16167.37,16.49159
0.3816528,-16173.53,16.46696
0.3826020,-16179.69,16.44233
0.3835512,-16186.14,16.41770
0.3845004,-16193.48,16.39307
0.3854496,-16201.32,16.36678
0.3863988,-16209.23,16.34025
0.3873480,-16217.13,16.31372
0.3882972,-16225.04,16.28720
0.3892464,-16232.95,16.26067
0.3901956,-16240.86,16.23415
0.3911448,-16248.77,16.20762
0.3920940,-16256.68,16.18110
0.3930432,-16264.59,16.15457
0.3939924,-16272.49,16.12805
0.3949416,-16280.58,16.10092
0.3958908,-16289.06,16.07250
0.3968400,-16297.53,16.04408
0.3977892,-16306.00,16.01566
0.3987384,-16309.86,15.98724
0.3996876,-16313.04,15.95882
0.4006368,-16316.22,15.93040
0.4015860,-16319.40,15.90197
0.4025352,-16322.58,15.87355
0.4034844,-16325.76,15.84513
0.4044336,-16328.94,15.81671
0.4053828,-16334.49,15.78034
0.4063320,-16340.78,15.74150
0.4072812,-16347.07,15.70265
0.4082304,-16353.35,15.66381
0.4091797,-16359.64,15.62497
0.4101289,-16365.93,15.58613
0.4110781,-16372.21,15.54729
0.4120273,-16378.50,15.50845
0.4129765,-16383.59,15.46961
0.4139257,-16387.52,15.43077
0.4148749,-16391.97,15.39016
0.4158241,-16398.44,15.34279
0.4167733,-16404.91,15.29542
0.4177225,-16411.37,15.24806
0.4186717,-16417.84,15.20069
0.4196209,-16424.31,15.15332
0.4205701,-16430.78,15.10595
0.4215193,-16437.24,15.05859
0.4224685,-16443.71,15.01122
0.4234177,-16450.18,14.96385
0.4243669,-16456.65,14.91649
0.4253161,-16462.19,14.87221
0.4262653,-16467.25,14.82958
0.4272145,-16473.39,14.78695
0.4281637,-16486.10,14.74432
0.4291129,-16498.81,14.70169
0.4300621,-16511.52,14.65906
0.4310113,-16524.23,14.61643
0.4319605,-16536.94,14.57380
0.4329097,-16549.65,14.53117
0.4338589,-16562.36,14.48854
0.4348081,-16574.58,14.44754
0.4357573,-16582.21,14.42197
0.4367065,-16589.84,14.39639
0.4376557,-16597.46,14.37081
0.4386049,-16605.09,14.34523
0.4395541,-16612.71,14.31965
0.4405033,-16620.34,14.29408
0.4414526,-16627.97,14.26850
0.4424018,-16632.39,14.24292
0.4433510,-16635.90,14.21734
0.4443002,-16639.41,14.19176
0.4452494,-16641.08,14.17233
0.4461986,-16641.20,14.15812
0.4471478,-16641.32,14.14391
0.4480970,-16641.43,14.12970
0.4490462,-16641.55,14.11548
0.4499954,-16641.67,14.10127
0.4509446,-16641.79,14.08706
0.4518938,-16641.90,14.07285
0.4528430,-16642.02,14.05864
0.4537922,-16642.14,14.04443
0.4547414,-16642.26,14.03022
0.4556906,-16637.37,14.03280
0.4566398,-16626.83,14.03564
0.4575890,-16608.32,14.03848
0.4585382,-16589.82,14.04132
0.4594874,-16571.31,14.04417
0.4604366,-16552.81,14.04701
0.4613858,-16534.30,14.04985
0.4623350,-16515.80,14.05269
0.4632842,-16497.29,14.05553
0.4642334,-16478.79,14.05838
0.4651826,-16455.20,14.07826
0.4661318,-16424.83,14.12089
0.4670810,-16394.46,14.16352
0.4680302,-16364.10,14.20615
0.4689794,-16333.73,14.24878
0.4699286,-16303.36,14.29141
0.4708778,-16272.47,14.33404
0.4718270,-16230.92,14.37667
0.4727762,-16189.37,14.41930
0.4737255,-16147.81,14.46193
0.4746747,-16106.26,14.50456
0.4756239,-16060.03,14.56289
0.4765731,-16013.11,14.62352
0.4775223,-15966.19,14.68415
0.4784715,-15919.27,14.74478
0.4794207,-15872.35,14.80541
0.4803699,-15825.44,14.86604
0.4813191,-15778.52,14.92667
0.4822683,-15731.60,14.98730
0.4832175,-15684.68,15.04793
0.4841667,-15637.76,15.10856
0.4851159,-15596.56,15.15000
0.4860651,-15550.57,15.15000
0.4870143,-15496.57,15.15000
0.4879635,-15442.56,15.15000
0.4889127,-15388.55,15.15000
0.4898619,-15334.55,15.15000
0.4908111,-15280.54,15.15000
0.4917603,-15226.54,15.15000
0.4927095,-15158.73,15.15000
0.4936587,-15089.75,15.15000
0.4946079,-15020.77,15.15000
0.4955571,-14949.42,15.15793
0.4965063,-14877.33,15.16835
0.4974555,-14805.24,15.17877
0.4984047,-14733.15,15.18919
0.4993539,-14661.06,15.19961
0.5003031,-14595.15,15.21003
0.5012523,-14542.60,15.22045
0.5022015,-14490.05,15.23087
0.5031507,-14437.50,15.24129
0.5040999,-14384.94,15.25171
0.5050491,-14313.60,15.32517
0.5059984,-14169.25,15.64348
0.5069476,-14024.90,15.96178
0.5078968,-13880.55,16.28009
0.5088460,-13736.21,16.59839
0.5097952,-13591.86,16.91670
0.5107444,-13447.51,17.23500
0.5116936,-13303.16,17.55331
0.5126428,-13158.82,17.87161
0.5135920,-13014.47,18.18992
0.5145412,-12870.12,18.50822
0.5154904,-12711.44,18.96667
0.5164396,-12531.54,19.50097
0.5173888,-12351.64,20.03527
0.5183380,-12171.74,20.56957
0.5192872,-11991.85,21.10387
0.5202364,-11811.95,21.63816
0.5211856,-11632.05,22.17246
0.5221348,-11452.15,22.70676
0.5230840,-11272.25,23.24106
0.5240332,-11092.36,23.77535
0.5249824,-10918.97,24.28782
0.5259316,-10809.12,24.58718
0.5268808,-10699.27,24.88654
0.5278300,-10589.42,25.18589
0.5287792,-10479.57,25.48525
0.5297284,-10375.24,25.78461
0.5306776,-10274.80,26.08397
0.5316268,-10174.36,26.38333
0.5325760,-10073.92,26.68269
0.5335252,-9973.48,26.98205
0.5344744,-9873.05,27.28140
0.5354236,-9827.82,27.39558
0.5363728,-9830.20,27.35011
0.5373220,-9832.57,27.30464
0.5382713,-9834.94,27.25916
0.5392205,-9837.32,27.21369
0.5401697,-9839.69,27.16822
0.5411189,-9842.06,27.12275
0.5420681,-9844.44,27.07728
0.5430173,-9846.81,27.03180
0.5439665,-9850.62,26.98633
0.5449157,-9859.47,26.94086
0.5458649,-9882.17,26.84891
0.5468141,-9905.14,26.75608
0.5477633,-9928.11,26.66324
0.5487125,-9951.08,26.57040
0.5496617,-9974.05,26.47756
0.5506109,-9997.02,26.38472
0.5515601,-10019.99,26.29188
0.5525093,-10042.96,26.19904
0.5534585,-10065.93,26.10620
0.5544077,-10088.90,26.01336
0.5553569,-10104.31,25.94590
0.5563061,-10109.48,25.91274
0.5572553,-10114.66,25.87959
0.5582045,-10119.83,25.84643
0.5591537,-10127.53,25.81327
0.5601029,-10135.65,25.78012
0.5610521,-10143.77,25.74696
0.5620013,-10151.90,25.71380
0.5629505,-10160.02,25.68065
0.5638997,-10168.14,25.64749
0.5648489,-10176.26,25.61433
0.5657981,-10178.98,25.59929
0.5667473,-10180.89,25.58698
0.5676965,-10182.79,25.57466
0.5686457,-10184.70,25.56235
0.5695949,-10186.61,25.55003
0.5705442,-10188.51,25.53772
0.5714934,-10190.42,25.52540
0.5724426,-10192.33,25.51309
0.5733918,-10195.10,25.50077
0.5743410,-10198.78,25.48846
0.5752902,-10201.38,25.47970
0.5762394,-10201.67,25.47876
0.5771886,-10201.95,25.47781
0.5781378,-10202.23,25.47686
0.5790870,-10202.51,25.47591
0.5800362,-10202.80,25.47497
0.5809854,-10203.08,25.47402
0.5819346,-10203.36,25.47307
0.5828838,-10203.64,25.47212
0.5838330,-10203.93,25.47118
0.5847822,-10204.21,25.47023
0.5857314,-10204.06,25.47072
0.5866806,-10203.78,25.47166
0.5876298,-10202.76,25.47261
0.5885790,-10196.58,25.47356
0.5895282,-10190.41,25.47451
0.5904774,-10184.24,25.47545
0.5914266,-10178.07,25.47640
0.5923758,-10171.89,25.47735
0.5933250,-10165.72,25.47830
0.5942742,-10159.55,25.47924
0.5952234,-10153.49,25.47981
0.5961726,-10147.88,25.47886
0.5971218,-10142.27,25.47791
0.5980710,-10136.67,25.47697
0.5990202,-10131.06,25.47602
0.5999694,-10125.45,25.47507
0.6009186,-10119.84,25.47413
0.6018678,-10114.23,25.47318
0.6028171,-10112.67,25.47223
0.6037663,-10112.36,25.47128
0.6047155,-10112.06,25.47034
0.6056647,-10111.21,25.47122
0.6066139,-10110.06,25.47312
0.6075631,-10108.92,25.47501
0.6085123,-10107.77,25.47691
0.6094615,-10106.62,25.47880
0.6104107,-10105.47,25.48070
0.6113599,-10104.32,25.48259
0.6123091,-10103.17,25.48449
0.6132583,-10102.02,25.48638
0.6142075,-10100.87,25.48828
0.6151567,-10099.78,25.49000
0.6161059,-10099.19,25.49000
0.6170551,-10098.84,25.49000
0.6180043,-10098.84,25.49000
0.6189535,-10098.84,25.49000
0.6199027,-10098.84,25.49000
0.6208519,-10098.84,25.49000
0.6218011,-10098.84,25.49000
0.6227503,-10098.84,25.49000
0.6236995,-10098.84,25.49000
0.6246487,-10098.84,25.49000
0.6255979,-10099.29,25.48848
0.6265471,-10100.14,25.48564
0.6274963,-10100.99,25.48280
0.6284455,-10101.83,25.47996
0.6293947,-10102.68,25.47711
0.6303439,-10103.53,25.47427
0.6312931,-10104.38,25.47143
0.6322423,-10105.22,25.46859
0.6331915,-10106.07,25.46575
0.6341407,-10106.92,25.46290
0.6350900,-10107.76,25.46006
0.6360392,-10109.16,25.45537
0.6369884,-10110.58,25.45063
0.6379376,-10111.99,25.44589
0.6388868,-10113.40,25.44116
0.6398360,-10114.81,25.43642
0.6407852,-10116.23,25.43168
0.6417344,-10117.64,25.42695
0.6426836,-10119.05,25.42221
0.6436328,-10120.46,25.41747
0.6445820,-10121.87,25.41274
0.6455312,-10124.00,25.40560
0.6464804,-10127.11,25.39518
0.6474296,-10130.22,25.38476
0.6483788,-10133.32,25.37434
0.6493280,-10136.43,25.36392
0.6502772,-10139.54,25.35350
0.6512264,-10142.64,25.34308
0.6521756,-10145.75,25.33266
0.6531248,-10148.86,25.32224
0.6540740,-10151.96,25.31182
0.6550232,-10155.07,25.30140
0.6559724,-10159.16,25.28769
0.6569216,-10163.39,25.27348
0.6578708,-10167.63,25.25927
0.6588200,-10171.87,25.24506
0.6597692,-10176.10,25.23085
0.6607184,-10180.34,25.21664
0.6616676,-10184.58,25.20243
0.6626168,-10188.81,25.18822
0.6635660,-10193.05,25.17401
0.6645152,-10197.29,25.15980
0.6654644,-10201.79,25.14471
0.6664136,-10206.87,25.12766
0.6673628,-10211.95,25.11061
0.6683121,-10217.04,25.09355
0.6692613,-10222.12,25.07650
0.6702105,-10227.21,25.05945
0.6711597,-10232.29,25.04240
0.6721089,-10237.38,25.02535
0.6730581,-10242.46,25.00829
0.6740073,-10247.54,24.99124
0.6749565,-10252.63,24.97419
0.6759057,-10258.14,24.95571
0.6768549,-10263.79,24.93676
0.6778041,-10269.44,24.91782
0.6787533,-10275.08,24.89887
0.6797025,-10280.73,24.87992
0.6806517,-10286.38,24.86097
0.6816009,-10292.03,24.84203
0.6825501,-10297.68,24.82308
0.6834993,-10303.33,24.80413
0.6844485,-10308.98,24.78519
0.6853977,-10314.52,24.76662
0.6863469,-10319.60,24.74957
0.6872961,-10324.68,24.73251
0.6882453,-10329.77,24.71546
0.6891945,-10334.85,24.69841
0.6901437,-10339.94,24.68136
0.6910929,-10345.02,24.66430
0.6920421,-10350.10,24.64725
0.6929913,-10355.19,24.63020
0.6939405,-10360.27,24.61315
0.6948897,-10365.36,24.59610
0.6958389,-10369.17,24.58330
0.6967881,-10372.28,24.57288
0.6977373,-10375.38,24.56246
0.6986865,-10378.49,24.55204
0.6996357,-10381.60,24.54162
0.7005850,-10384.70,24.53120
0.7015342,-10387.81,24.52078
0.7024834,-10390.92,24.51036
0.7034326,-10394.03,24.49994
0.7043818,-10396.89,24.48952
0.7053310,-10398.50,24.48016
0.7062802,-10396.75,24.48206
0.7072294,-10395.01,24.48395
0.7081786,-10393.26,24.48585
0.7091278,-10391.52,24.48774
0.7100770,-10389.77,24.48964
0.7110262,-10388.02,24.49153
0.7119754,-10386.28,24.49343
0.7129246,-10384.53,24.49532
0.7138738,-10382.79,24.49722
0.7148230,-10381.04,24.49911
0.7157722,-10378.25,24.50452
0.7167214,-10374.53,24.51305
0.7176706,-10370.80,24.52158
0.7186198,-10367.08,24.53010
0.7195690,-10355.44,24.53863
0.7205182,-10342.31,24.54715
0.7214674,-10329.17,24.55568
0.7224166,-10316.04,24.56421
0.7233658,-10302.90,24.57273
0.7243150,-10289.77,24.58126
0.7252642,-10276.63,24.58978
0.7262134,-10264.32,24.59554
0.7271626,-10252.03,24.60122
0.7281118,-10239.74,24.60691
0.7290610,-10227.46,24.61259
0.7300102,-10215.17,24.61828
0.7309594,-10202.88,24.62396
0.7319086,-10190.59,24.62964
0.7328579,-10178.30,24.63533
0.7338071,-10170.50,24.64101
0.7347563,-10167.63,24.64670
0.7357055,-10165.94,24.64841
0.7366547,-10165.90,24.64462
0.7376039,-10165.85,24.64083
0.7385531,-10165.81,24.63704
0.7395023,-10165.76,24.63326
0.7404515,-10165.72,24.62947
0.7414007,-10165.67,24.62568
0.7423499,-10165.63,24.62189
0.7432991,-10165.58,24.61810
0.7442483,-10165.54,24.61431
0.7451975,-10165.50,24.61052
0.7461467,-10168.13,24.59774
0.7470959,-10171.19,24.58353
0.7480451,-10174.39,24.56932
0.7489943,-10178.62,24.55511
0.7499435,-10182.86,24.54090
0.7508927,-10187.10,24.52669
0.7518419,-10191.33,24.51248
0.7527911,-10195.57,24.49827
0.7537403,-10199.81,24.48406
0.7546895,-10204.04,24.46985
0.7556387,-10209.41,24.45186
0.7565879,-10217.32,24.42533
0.7575371,-10225.23,24.39881
0.7584863,-10233.13,24.37228
0.7594355,-10241.04,24.34575
0.7603847,-10248.95,24.31923
0.7613339,-10256.86,24.29270
0.7622831,-10264.77,24.26618
0.7632323,-10272.68,24.23965
0.7641815,-10280.59,24.21313
0.7651308,-10288.49,24.18660
0.7660800,-10298.52,24.15296
0.7670292,-10309.26,24.11696
0.7679784,-10319.99,24.08096
0.7689276,-10330.72,24.04496
0.7698768,-10341.46,24.00897
0.7708260,-10352.19,23.97297
0.7717752,-10362.92,23.93697
0.7727244,-10373.66,23.90097
0.7736736,-10384.39,23.86497
0.7746228,-10395.12,23.82897
0.7755720,-10405.80,23.79316
0.7765212,-10416.25,23.75811
0.7774704,-10426.70,23.72306
0.7784196,-10437.15,23.68800
0.7793688,-10447.60,23.65295
0.7803180,-10458.05,23.61790
0.7812672,-10468.50,23.58285
0.7822164,-10478.95,23.54780
0.7831656,-10489.40,23.51275
0.7841148,-10499.85,23.47769
0.7850640,-10510.31,23.44264
0.7860132,-10519.13,23.41304
0.7869624,-10527.04,23.38652
0.7879116,-10534.95,23.35999
0.7888608,-10542.86,23.33347
0.7898100,-10550.76,23.30694
0.7907592,-10558.67,23.28042
0.7917084,-10566.58,23.25389
0.7926576,-10574.49,23.22736
0.7936068,-10582.40,23.20084
0.7945560,-10590.31,23.17431
0.7955052,-10598.03,23.14842
0.7964544,-10603.68,23.12947
0.7974037,-10609.33,23.11053
0.7983529,-10614.97,23.09158
0.7993021,-10620.62,23.07263
0.8002513,-10626.27,23.05369
0.8012005,-10631.92,23.03474
0.8021497,-10637.57,23.01579
0.8030989,-10643.22,22.99685
0.8040481,-10648.87,22.97790
0.8049973,-10654.52,22.95895
0.8059465,-10659.12,22.94350
0.8068957,-10662.80,22.93119
0.8078449,-10666.47,22.91887
0.8087941,-10670.14,22.90656
0.8097433,-10673.81,22.89424
0.8106925,-10677.48,22.88193
0.8116417,-10681.15,22.86961
0.8125909,-10684.83,22.85730
0.8135401,-10688.50,22.84498
0.8144893,-10692.17,22.83267
0.8154385,-10695.84,22.82035
0.8163877,-10698.42,22.81172
0.8173369,-10700.96,22.80319
0.8182861,-10703.50,22.79466
0.8192353,-10706.04,22.78614
0.8201845,-10708.58,22.77761
0.8211337,-10707.77,22.76909
0.8220829,-10698.53,22.76056
0.8230321,-10689.30,22.75203
0.8239813,-10680.07,22.74351
0.8249305,-10670.84,22.73498
0.8258797,-10661.14,22.72803
0.8268289,-10650.77,22.72329
0.8277781,-10640.41,22.71856
0.8287273,-10630.05,22.71382
0.8296766,-10619.69,22.70908
0.8306258,-10609.33,22.70435
0.8315750,-10598.96,22.69961
0.8325242,-10588.60,22.69487
0.8334734,-10578.24,22.69014
0.8344226,-10567.88,22.68540
0.8353718,-10557.52,22.68066
0.8363210,-10557.15,22.67511
0.8372702,-10557.66,22.66943
0.8382194,-10558.18,22.66374
0.8391686,-10558.69,22.65806
0.8401178,-10559.20,22.65238
0.8410670,-10559.72,22.64669
0.8420162,-10560.23,22.64101
0.8429654,-10560.75,22.63532
0.8439146,-10561.26,22.62964
0.8448638,-10561.78,22.62396
0.8458130,-10563.41,22.61453
0.8467622,-10567.59,22.59653
0.8477114,-10571.78,22.57853
0.8486606,-10575.96,22.56053
0.8496098,-10580.15,22.54253
0.8505590,-10583.36,22.52453
0.8515082,-10585.79,22.50653
0.8524574,-10588.21,22.48853
0.8534066,-10590.64,22.47053
0.8543558,-10593.07,22.45253
0.8553050,-10595.50,22.43454
0.8562542,-10599.19,22.41228
0.8572034,-10603.32,22.38860
0.8581526,-10607.44,22.36492
0.8591018,-10611.56,22.34123
0.8600510,-10615.68,22.31755
0.8610002,-10619.80,22.29387
0.8619495,-10623.93,22.27018
0.8628987,-10628.05,22.24650
0.8638479,-10632.17,22.22282
0.8647971,-10635.62,22.19913
0.8657463,-10635.72,22.17709
0.8666955,-10633.77,22.16193
0.8676447,-10631.81,22.14677
0.8685939,-10629.85,22.13162
0.8695431,-10627.90,22.11646
0.8704923,-10625.94,22.10130
0.8714415,-10623.99,22.08614
0.8723907,-10622.03,22.07099
0.8733399,-10620.08,22.05583
0.8742891,-10618.12,22.04067
0.8752383,-10616.17,22.02551
0.8761875,-10611.70,22.01879
0.8771367,-10605.79,22.01690
0.8780859,-10599.88,22.01501
0.8790351,-10593.97,22.01311
0.8799843,-10586.60,22.01122
0.8809335,-10578.92,22.00932
0.8818827,-10571.24,22.00743
0.8828319,-10563.56,22.00553
0.8837811,-10555.88,22.00364
0.8847303,-10548.20,22.00174
0.8856795,-10540.57,21.99970
0.8866287,-10533.45,21.99591
0.8875779,-10526.33,21.99212
0.8885271,-10519.22,21.98833
0.8894763,-10512.10,21.98454
0.8904255,-10504.99,21.98075
0.8913747,-10497.87,21.97696
0.8923239,-10490.76,21.97317
0.8932731,-10483.64,21.96938
0.8942224,-10471.38,21.96559
0.8951716,-10453.09,21.96180
0.8961208,-10437.32,21.94957
0.8970700,-10423.83,21.92967
0.8980192,-10410.33,21.90978
0.8989684,-10396.84,21.88989
0.8999176,-10383.35,21.86999
0.9008668,-10369.86,21.85010
0.9018160,-10356.37,21.83020
0.9027652,-10342.88,21.81031
0.9037144,-10329.39,21.79042
0.9046636,-10315.90,21.77052
0.9056128,-10302.40,21.75063
0.9065620,-10295.21,21.70963
0.9075112,-10288.21,21.66795
0.9084604,-10280.04,21.62627
0.9094096,-10260.68,21.58458
0.9103588,-10241.32,21.54290
0.9113080,-10221.96,21.50122
0.9122572,-10202.60,21.45953
0.9132064,-10183.24,21.41785
0.9141556,-10163.88,21.37617
0.9151048,-10144.52,21.33449
0.9160540,-10126.56,21.28811
0.9170032,-10110.59,21.23506
0.9179524,-10094.62,21.18201
0.9189016,-10078.65,21.12896
0.9198508,-10062.68,21.07591
0.9208000,-10046.71,21.02286
0.9217492,-10030.74,20.96981
0.9226984,-10014.77,20.91676
0.9236476,-9981.62,20.86371
0.9245968,-9942.10,20.81065
0.9255460,-9902.59,20.75760
0.9264953,-9864.29,20.70050
0.9274445,-9826.19,20.64271
0.9283937,-9788.09,20.58492
0.9293429,-9749.99,20.52713
0.9302921,-9711.89,20.46935
0.9312413,-9673.79,20.41156
0.9321905,-9635.69,20.35377
0.9331397,-9597.59,20.29598
0.9340889,-9559.49,20.23820
0.9350381,-9521.39,20.18041
0.9359873,-9484.40,20.11892
0.9369365,-9449.97,20.04881
0.9378857,-9397.50,19.97871
0.9388349,-9313.63,19.90861
0.9397841,-9229.76,19.83850
0.9407333,-9145.90,19.76840
0.9416825,-9062.03,19.69830
0.9426317,-8978.16,19.62820
0.9435809,-8894.30,19.55809
0.9445301,-8810.43,19.48799
0.9454793,-8726.56,19.41789
0.9464285,-8649.64,19.32450
0.9473777,-8575.09,19.22313
0.9483269,-8500.55,19.12177
0.9492761,-8426.00,19.02040
0.9502253,-8351.46,18.91904
0.9511745,-8276.91,18.81767
0.9521237,-8202.36,18.71631
